positive/1703968637.211212.jpg 1 457 201 187 115
positive/1703968638.267728.jpg 1 442 181 215 125
positive/1703968639.375844.jpg 1 355 184 37 162
positive/1703968640.6237562.jpg 1 569 261 188 62
positive/1703968641.7922974.jpg 1 655 144 162 94
positive/1703968649.650789.jpg 1 285 236 125 140
positive/1703968650.8078768.jpg 1 519 226 188 107
positive/1703968651.9738967.jpg 1 342 261 128 52
positive/1703968653.143229.jpg 1 697 69 72 235
positive/1703968654.2522614.jpg 0
positive/1703968655.403048.jpg 0
